Index	 Radius (earth)	 P (GPa)	 M (earth)	 Density (g cm^-3)	 T (K)	 Phase
0	 0	 112.49577	 0	 4.2032782	 597.12273	 Diamond
73	 0.00011544084	 112.49577	 1.1767787e-12	 4.2032782	 597.12273	 Diamond
108	 0.00023165821	 112.49576	 9.5095388e-12	 4.2032781	 597.12273	 Diamond
129	 0.00035183629	 112.49576	 3.331488e-11	 4.2032781	 597.12272	 Diamond
144	 0.00047421844	 112.49575	 8.1573985e-11	 4.203278	 597.12272	 Diamond
155	 0.00059026382	 112.49573	 1.5730947e-10	 4.203278	 597.12271	 Diamond
164	 0.00070603926	 112.49572	 2.6921727e-10	 4.2032779	 597.12271	 Diamond
172	 0.0008278831	 112.4957	 4.3403365e-10	 4.2032778	 597.1227	 Diamond
179	 0.0009516268	 112.49568	 6.5919868e-10	 4.2032777	 597.12269	 Diamond
185	 0.0010723135	 112.49565	 9.43152e-10	 4.2032776	 597.12268	 Diamond
191	 0.0012083059	 112.49562	 1.3494197e-09	 4.2032774	 597.12267	 Diamond
196	 0.001334718	 112.49559	 1.8187996e-09	 4.2032772	 597.12265	 Diamond
201	 0.0014743552	 112.49555	 2.4514478e-09	 4.203277	 597.12264	 Diamond
205	 0.001596512	 112.49551	 3.1126686e-09	 4.2032768	 597.12262	 Diamond
209	 0.0017287902	 112.49547	 3.9522383e-09	 4.2032766	 597.1226	 Diamond
213	 0.0018720281	 112.49542	 5.0182623e-09	 4.2032763	 597.12258	 Diamond
216	 0.0019871924	 112.49537	 6.0025533e-09	 4.2032761	 597.12256	 Diamond
219	 0.0021094415	 112.49532	 7.179905e-09	 4.2032758	 597.12254	 Diamond
222	 0.0022392112	 112.49527	 8.5881845e-09	 4.2032756	 597.12252	 Diamond
225	 0.0023769641	 112.4952	 1.0272686e-08	 4.2032752	 597.12249	 Diamond
228	 0.0025231913	 112.49513	 1.228759e-08	 4.2032749	 597.12246	 Diamond
231	 0.0026784142	 112.49505	 1.4697699e-08	 4.2032744	 597.12243	 Diamond
234	 0.0028431862	 112.49496	 1.7580532e-08	 4.203274	 597.12239	 Diamond
236	 0.0029586279	 112.49489	 1.9810121e-08	 4.2032736	 597.12236	 Diamond
238	 0.0030787568	 112.49482	 2.2322469e-08	 4.2032732	 597.12233	 Diamond
240	 0.0032037633	 112.49474	 2.5153436e-08	 4.2032728	 597.1223	 Diamond
242	 0.0033338455	 112.49465	 2.8343431e-08	 4.2032724	 597.12226	 Diamond
244	 0.0034692094	 112.49456	 3.1937986e-08	 4.2032719	 597.12222	 Diamond
246	 0.0036100694	 112.49446	 3.5988406e-08	 4.2032714	 597.12218	 Diamond
248	 0.0037566488	 112.49435	 4.0552507e-08	 4.2032708	 597.12213	 Diamond
250	 0.0039091797	 112.49423	 4.5695433e-08	 4.2032702	 597.12208	 Diamond
252	 0.0040679039	 112.49411	 5.1490592e-08	 4.2032696	 597.12203	 Diamond
254	 0.0042330727	 112.49397	 5.80207e-08	 4.2032688	 597.12197	 Diamond
256	 0.0044049478	 112.49382	 6.5378965e-08	 4.2032681	 597.12191	 Diamond
258	 0.0045838016	 112.49366	 7.3670415e-08	 4.2032672	 597.12184	 Diamond
260	 0.0047699173	 112.49348	 8.3013398e-08	 4.2032663	 597.12177	 Diamond
262	 0.0049635899	 112.49329	 9.3541269e-08	 4.2032654	 597.12169	 Diamond
264	 0.0051651262	 112.49309	 1.054043e-07	 4.2032643	 597.12161	 Diamond
266	 0.0053748454	 112.49287	 1.1877181e-07	 4.2032631	 597.12151	 Diamond
268	 0.0055930799	 112.49263	 1.3383461e-07	 4.2032619	 597.12141	 Diamond
270	 0.0058201753	 112.49237	 1.5080769e-07	 4.2032606	 597.1213	 Diamond
271	 0.0059371578	 112.49223	 1.6008513e-07	 4.2032598	 597.12125	 Diamond
272	 0.0060564915	 112.49208	 1.6993331e-07	 4.2032591	 597.12119	 Diamond
273	 0.0061782237	 112.49193	 1.8038733e-07	 4.2032583	 597.12112	 Diamond
274	 0.0063024028	 112.49178	 1.9148447e-07	 4.2032575	 597.12106	 Diamond
275	 0.0064290777	 112.49162	 2.0326428e-07	 4.2032567	 597.12099	 Diamond
276	 0.0065582988	 112.49145	 2.1576877e-07	 4.2032558	 597.12092	 Diamond
277	 0.0066901171	 112.49127	 2.2904251e-07	 4.2032549	 597.12085	 Diamond
278	 0.0068245849	 112.49109	 2.4313282e-07	 4.203254	 597.12077	 Diamond
279	 0.0069617555	 112.4909	 2.5808995e-07	 4.203253	 597.12069	 Diamond
280	 0.0071016831	 112.4907	 2.7396722e-07	 4.2032519	 597.12061	 Diamond
281	 0.0072444231	 112.4905	 2.9082123e-07	 4.2032509	 597.12052	 Diamond
282	 0.0073900322	 112.49028	 3.0871206e-07	 4.2032498	 597.12043	 Diamond
283	 0.0075385679	 112.49006	 3.2770351e-07	 4.2032486	 597.12034	 Diamond
284	 0.0076900892	 112.48983	 3.4786328e-07	 4.2032474	 597.12024	 Diamond
285	 0.0078446559	 112.48959	 3.6926324e-07	 4.2032462	 597.12014	 Diamond
286	 0.0080023293	 112.48934	 3.9197969e-07	 4.2032449	 597.12004	 Diamond
287	 0.0081631719	 112.48908	 4.1609362e-07	 4.2032435	 597.11993	 Diamond
288	 0.0083272474	 112.4888	 4.4169098e-07	 4.2032421	 597.11981	 Diamond
289	 0.0084946206	 112.48852	 4.6886305e-07	 4.2032407	 597.11969	 Diamond
290	 0.008665358	 112.48823	 4.977067e-07	 4.2032391	 597.11957	 Diamond
291	 0.0088395272	 112.48792	 5.2832475e-07	 4.2032375	 597.11944	 Diamond
292	 0.009017197	 112.4876	 5.6082637e-07	 4.2032359	 597.11931	 Diamond
293	 0.0091984379	 112.48727	 5.9532742e-07	 4.2032342	 597.11917	 Diamond
294	 0.0093833217	 112.48692	 6.3195091e-07	 4.2032324	 597.11903	 Diamond
295	 0.0095719215	 112.48657	 6.7082741e-07	 4.2032305	 597.11888	 Diamond
296	 0.0097643121	 112.48619	 7.1209552e-07	 4.2032286	 597.11872	 Diamond
297	 0.0099605696	 112.4858	 7.5590235e-07	 4.2032266	 597.11856	 Diamond
298	 0.010160772	 112.4854	 8.024041e-07	 4.2032245	 597.11839	 Diamond
299	 0.010364998	 112.48498	 8.5176654e-07	 4.2032223	 597.11821	 Diamond
300	 0.010573329	 112.48454	 9.0416566e-07	 4.2032201	 597.11803	 Diamond
301	 0.010785847	 112.48408	 9.5978826e-07	 4.2032177	 597.11784	 Diamond
302	 0.011002637	 112.48361	 1.0188327e-06	 4.2032152	 597.11764	 Diamond
303	 0.011223785	 112.48311	 1.0815093e-06	 4.2032127	 597.11743	 Diamond
304	 0.011449377	 112.4826	 1.1480417e-06	 4.20321	 597.11722	 Diamond
305	 0.011679503	 112.48207	 1.2186671e-06	 4.2032073	 597.11699	 Diamond
306	 0.011914255	 112.48151	 1.2936371e-06	 4.2032044	 597.11676	 Diamond
307	 0.012153725	 112.48093	 1.3732192e-06	 4.2032014	 597.11652	 Diamond
308	 0.012398009	 112.48033	 1.457697e-06	 4.2031983	 597.11627	 Diamond
309	 0.012647202	 112.4797	 1.5473716e-06	 4.203195	 597.116	 Diamond
310	 0.012901405	 112.47905	 1.6425628e-06	 4.2031916	 597.11573	 Diamond
311	 0.013160716	 112.47837	 1.74361e-06	 4.2031881	 597.11545	 Diamond
312	 0.01342524	 112.47766	 1.8508734e-06	 4.2031845	 597.11515	 Diamond
313	 0.01369508	 112.47693	 1.9647353e-06	 4.2031807	 597.11484	 Diamond
314	 0.013970344	 112.47616	 2.0856018e-06	 4.2031767	 597.11452	 Diamond
315	 0.014251141	 112.47537	 2.2139036e-06	 4.2031726	 597.11419	 Diamond
316	 0.014537581	 112.47454	 2.3500983e-06	 4.2031683	 597.11384	 Diamond
317	 0.014829779	 112.47368	 2.4946713e-06	 4.2031639	 597.11348	 Diamond
318	 0.01512785	 112.47278	 2.6481381e-06	 4.2031592	 597.11311	 Diamond
319	 0.015431912	 112.47185	 2.8110457e-06	 4.2031544	 597.11272	 Diamond
320	 0.015742085	 112.47087	 2.983975e-06	 4.2031494	 597.11231	 Diamond
321	 0.016058493	 112.46986	 3.1675424e-06	 4.2031441	 597.11189	 Diamond
322	 0.016381261	 112.46881	 3.3624024e-06	 4.2031387	 597.11145	 Diamond
323	 0.016710516	 112.46772	 3.5692497e-06	 4.203133	 597.11099	 Diamond
324	 0.017046388	 112.46658	 3.7888215e-06	 4.2031271	 597.11051	 Diamond
325	 0.017389012	 112.46539	 4.0219008e-06	 4.203121	 597.11001	 Diamond
326	 0.017738522	 112.46416	 4.2693185e-06	 4.2031146	 597.1095	 Diamond
327	 0.018095058	 112.46288	 4.5319565e-06	 4.203108	 597.10896	 Diamond
328	 0.018458759	 112.46154	 4.8107512e-06	 4.2031011	 597.1084	 Diamond
329	 0.018829771	 112.46015	 5.1066965e-06	 4.2030939	 597.10782	 Diamond
330	 0.01920824	 112.45871	 5.4208474e-06	 4.2030864	 597.10722	 Diamond
331	 0.019594316	 112.4572	 5.7543238e-06	 4.2030786	 597.10659	 Diamond
332	 0.019988151	 112.45563	 6.1083145e-06	 4.2030705	 597.10593	 Diamond
333	 0.020389903	 112.45401	 6.4840815e-06	 4.2030621	 597.10525	 Diamond
334	 0.02079973	 112.45231	 6.8829644e-06	 4.2030533	 597.10454	 Diamond
335	 0.021217794	 112.45054	 7.3063851e-06	 4.2030442	 597.1038	 Diamond
336	 0.021644261	 112.44871	 7.7558531e-06	 4.2030347	 597.10303	 Diamond
337	 0.0220793	 112.4468	 8.2329707e-06	 4.2030248	 597.10223	 Diamond
338	 0.022523083	 112.44481	 8.7394387e-06	 4.2030145	 597.1014	 Diamond
339	 0.022975786	 112.44274	 9.2770626e-06	 4.2030038	 597.10053	 Diamond
340	 0.023437588	 112.44059	 9.8477589e-06	 4.2029926	 597.09963	 Diamond
341	 0.023908672	 112.43835	 1.0453562e-05	 4.2029811	 597.09869	 Diamond
342	 0.024389224	 112.43602	 1.1096632e-05	 4.202969	 597.09772	 Diamond
343	 0.024879436	 112.43359	 1.177926e-05	 4.2029564	 597.0967	 Diamond
344	 0.0253795	 112.43107	 1.2503881e-05	 4.2029434	 597.09565	 Diamond
345	 0.025889616	 112.42844	 1.3273077e-05	 4.2029298	 597.09455	 Diamond
346	 0.026409985	 112.4257	 1.408959e-05	 4.2029156	 597.0934	 Diamond
347	 0.026940813	 112.42286	 1.4956331e-05	 4.2029009	 597.09221	 Diamond
348	 0.02748231	 112.4199	 1.5876389e-05	 4.2028856	 597.09097	 Diamond
349	 0.028034692	 112.41682	 1.6853045e-05	 4.2028697	 597.08968	 Diamond
350	 0.028598175	 112.41361	 1.788978e-05	 4.2028531	 597.08834	 Diamond
351	 0.029172985	 112.41028	 1.8990289e-05	 4.2028358	 597.08695	 Diamond
352	 0.029759349	 112.40681	 2.0158495e-05	 4.2028179	 597.08549	 Diamond
353	 0.030357498	 112.4032	 2.1398562e-05	 4.2027992	 597.08398	 Diamond
354	 0.030967669	 112.39944	 2.271491e-05	 4.2027797	 597.08241	 Diamond
355	 0.031590105	 112.39553	 2.4112232e-05	 4.2027595	 597.08077	 Diamond
356	 0.032225052	 112.39146	 2.5595509e-05	 4.2027384	 597.07907	 Diamond
357	 0.03287276	 112.38722	 2.7170027e-05	 4.2027165	 597.07729	 Diamond
358	 0.033533488	 112.38282	 2.8841399e-05	 4.2026937	 597.07545	 Diamond
359	 0.034207496	 112.37823	 3.0615582e-05	 4.20267	 597.07353	 Diamond
360	 0.034895051	 112.37346	 3.24989e-05	 4.2026453	 597.07153	 Diamond
361	 0.035596426	 112.36849	 3.4498065e-05	 4.2026196	 597.06945	 Diamond
362	 0.036311899	 112.36332	 3.6620204e-05	 4.2025928	 597.06729	 Diamond
363	 0.037041752	 112.35795	 3.8872881e-05	 4.202565	 597.06504	 Diamond
364	 0.037786275	 112.35235	 4.1264123e-05	 4.202536	 597.0627	 Diamond
365	 0.038545763	 112.34653	 4.3802455e-05	 4.2025059	 597.06026	 Diamond
366	 0.039320517	 112.34047	 4.6496922e-05	 4.2024745	 597.05772	 Diamond
367	 0.040110843	 112.33417	 4.9357129e-05	 4.2024419	 597.05508	 Diamond
368	 0.040917054	 112.32761	 5.2393269e-05	 4.202408	 597.05233	 Diamond
369	 0.04173947	 112.32078	 5.5616163e-05	 4.2023726	 597.04948	 Diamond
370	 0.042578417	 112.31368	 5.9037297e-05	 4.2023359	 597.0465	 Diamond
371	 0.043434226	 112.30628	 6.2668865e-05	 4.2022976	 597.04341	 Diamond
372	 0.044307236	 112.29859	 6.6523807e-05	 4.2022578	 597.04019	 Diamond
373	 0.045197795	 112.29059	 7.0615863e-05	 4.2022163	 597.03683	 Diamond
374	 0.046106253	 112.28226	 7.4959616e-05	 4.2021732	 597.03335	 Diamond
375	 0.047032971	 112.27359	 7.9570545e-05	 4.2021284	 597.02972	 Diamond
376	 0.047978316	 112.26457	 8.4465081e-05	 4.2020817	 597.02594	 Diamond
377	 0.048942663	 112.25519	 8.9660667e-05	 4.2020331	 597.02201	 Diamond
378	 0.049926393	 112.24542	 9.5175818e-05	 4.2019825	 597.01792	 Diamond
379	 0.050929896	 112.23526	 0.00010103018	 4.2019299	 597.01366	 Diamond
380	 0.051953569	 112.22468	 0.00010724463	 4.2018752	 597.00923	 Diamond
381	 0.052997819	 112.21368	 0.0001138413	 4.2018182	 597.00462	 Diamond
382	 0.054063057	 112.20223	 0.00012084369	 4.2017589	 596.99983	 Diamond
383	 0.055149707	 112.19031	 0.00012827676	 4.2016972	 596.99484	 Diamond
384	 0.056258199	 112.17791	 0.00013616699	 4.201633	 596.98964	 Diamond
385	 0.057388972	 112.16501	 0.0001445425	 4.2015662	 596.98424	 Diamond
386	 0.058542473	 112.15159	 0.00015343312	 4.2014967	 596.97861	 Diamond
387	 0.05971916	 112.13762	 0.00016287053	 4.2014244	 596.97276	 Diamond
388	 0.060919499	 112.12308	 0.00017288835	 4.2013491	 596.96667	 Diamond
389	 0.062143964	 112.10795	 0.00018352227	 4.2012707	 596.96033	 Diamond
390	 0.063393042	 112.09221	 0.00019481017	 4.2011892	 596.95373	 Diamond
391	 0.064667227	 112.07583	 0.00020679227	 4.2011044	 596.94687	 Diamond
392	 0.065967023	 112.05879	 0.00021951125	 4.2010161	 596.93973	 Diamond
393	 0.067292945	 112.04106	 0.0002330124	 4.2009242	 596.9323	 Diamond
394	 0.06864552	 112.0226	 0.00024734383	 4.2008287	 596.92456	 Diamond
395	 0.070025281	 112.0034	 0.00026255658	 4.2007292	 596.91651	 Diamond
396	 0.071432776	 111.98342	 0.00027870483	 4.2006257	 596.90814	 Diamond
397	 0.072868563	 111.96262	 0.00029584609	 4.2005179	 596.89942	 Diamond
398	 0.074333209	 111.94099	 0.00031404142	 4.2004059	 596.89035	 Diamond
399	 0.075827296	 111.91848	 0.0003333556	 4.2002892	 596.88091	 Diamond
400	 0.077351415	 111.89505	 0.00035385742	 4.2001678	 596.87109	 Diamond
401	 0.07890617	 111.87067	 0.00037561988	 4.2000415	 596.86087	 Diamond
402	 0.080492176	 111.84531	 0.00039872048	 4.1999101	 596.85023	 Diamond
403	 0.082110063	 111.81891	 0.00042324146	 4.1997733	 596.83916	 Diamond
404	 0.08376047	 111.79145	 0.00044927012	 4.1996309	 596.82764	 Diamond
405	 0.085444052	 111.76287	 0.00047689913	 4.1994828	 596.81565	 Diamond
406	 0.087161475	 111.73314	 0.00050622686	 4.1993287	 596.80318	 Diamond
407	 0.08891342	 111.70219	 0.00053735769	 4.1991682	 596.7902	 Diamond
408	 0.090700581	 111.67	 0.00057040244	 4.1990013	 596.77669	 Diamond
409	 0.092523665	 111.6365	 0.00060547872	 4.1988276	 596.76263	 Diamond
410	 0.094383396	 111.60164	 0.00064271138	 4.1986469	 596.748	 Diamond
411	 0.09628051	 111.56537	 0.0006822329	 4.1984588	 596.73277	 Diamond
412	 0.098215757	 111.52762	 0.00072418393	 4.198263	 596.71693	 Diamond
413	 0.10018991	 111.48835	 0.00076871375	 4.1980593	 596.70044	 Diamond
414	 0.10220374	 111.44749	 0.00081598078	 4.1978473	 596.68328	 Diamond
415	 0.10425805	 111.40497	 0.00086615318	 4.1976267	 596.66543	 Diamond
416	 0.10635366	 111.36073	 0.00091940944	 4.1973972	 596.64685	 Diamond
417	 0.10849139	 111.31469	 0.00097593898	 4.1971583	 596.62751	 Diamond
418	 0.11067209	 111.26679	 0.0010359429	 4.1969097	 596.60738	 Diamond
419	 0.11289663	 111.21696	 0.0010996345	 4.196651	 596.58644	 Diamond
420	 0.11516589	 111.1651	 0.0011672403	 4.1963818	 596.56464	 Diamond
421	 0.11748076	 111.11114	 0.0012390008	 4.1961017	 596.54196	 Diamond
422	 0.11984217	 111.055	 0.0013151709	 4.1958101	 596.51836	 Diamond
423	 0.12225104	 110.99658	 0.0013960215	 4.1955067	 596.49379	 Diamond
424	 0.12470834	 110.9358	 0.00148184	 4.195191	 596.46823	 Diamond
425	 0.12721504	 110.87256	 0.0015729313	 4.1948625	 596.44163	 Diamond
426	 0.12977212	 110.80676	 0.0016696192	 4.1945206	 596.41394	 Diamond
427	 0.13238061	 110.7383	 0.001772247	 4.1941648	 596.38512	 Diamond
428	 0.13504154	 110.66706	 0.0018811795	 4.1937945	 596.35514	 Diamond
429	 0.13775595	 110.59295	 0.0019968035	 4.1934092	 596.32393	 Diamond
430	 0.14052493	 110.51583	 0.0021195297	 4.1930082	 596.29145	 Diamond
431	 0.14334958	 110.4356	 0.0022497938	 4.1925909	 596.25765	 Diamond
432	 0.14623101	 110.35212	 0.0023880582	 4.1921566	 596.22247	 Diamond
433	 0.14917036	 110.26527	 0.0025348137	 4.1917047	 596.18587	 Diamond
434	 0.1521688	 110.17491	 0.0026905812	 4.1912344	 596.14776	 Diamond
435	 0.15522752	 110.08089	 0.0028559133	 4.190745	 596.10811	 Diamond
436	 0.15834773	 109.98308	 0.0030313966	 4.1902357	 596.06684	 Diamond
437	 0.16153066	 109.88131	 0.0032176533	 4.1897056	 596.02389	 Diamond
438	 0.16477758	 109.77544	 0.003415344	 4.189154	 595.97919	 Diamond
439	 0.16808977	 109.66529	 0.0036251695	 4.1885799	 595.93267	 Diamond
440	 0.17146855	 109.55069	 0.0038478734	 4.1879825	 595.88425	 Diamond
441	 0.17491525	 109.43146	 0.0040842449	 4.1873608	 595.83386	 Diamond
442	 0.17843124	 109.30742	 0.0043351213	 4.1867138	 595.78141	 Diamond
443	 0.18201791	 109.17838	 0.0046013911	 4.1860405	 595.72683	 Diamond
444	 0.18567669	 109.04413	 0.0048839969	 4.1853397	 595.67001	 Diamond
445	 0.18940902	 108.90447	 0.0051839391	 4.1846105	 595.61088	 Diamond
446	 0.19321638	 108.75918	 0.0055022789	 4.1838515	 595.54934	 Diamond
447	 0.19710028	 108.60804	 0.0058401423	 4.1830617	 595.48528	 Diamond
448	 0.20106226	 108.4508	 0.006198724	 4.1822397	 595.41861	 Diamond
449	 0.20510388	 108.28723	 0.0065792915	 4.1813842	 595.34922	 Diamond
450	 0.20922676	 108.11708	 0.0069831894	 4.1804939	 595.27699	 Diamond
451	 0.21343251	 107.94008	 0.0074118444	 4.1795673	 595.20181	 Diamond
452	 0.21772281	 107.75596	 0.0078667699	 4.178603	 595.12356	 Diamond
453	 0.22209936	 107.56443	 0.0083495712	 4.1775993	 595.04211	 Diamond
454	 0.22656389	 107.3652	 0.0088619516	 4.1765548	 594.95733	 Diamond
455	 0.23111816	 107.15797	 0.0094057175	 4.1754678	 594.86908	 Diamond
456	 0.23576398	 106.94242	 0.0099827854	 4.1743364	 594.77722	 Diamond
457	 0.24050319	 106.71821	 0.010595188	 4.1731589	 594.6816	 Diamond
458	 0.24533766	 106.485	 0.011245081	 4.1719335	 594.58207	 Diamond
459	 0.2502693	 106.24244	 0.011934751	 4.170658	 594.47847	 Diamond
460	 0.25530008	 105.99016	 0.012666623	 4.1693305	 594.37062	 Diamond
461	 0.26043197	 105.72777	 0.01344327	 4.1679489	 594.25835	 Diamond
462	 0.26566701	 105.45487	 0.01426742	 4.166511	 594.14148	 Diamond
463	 0.27100726	 105.17105	 0.015141963	 4.1650143	 594.01982	 Diamond
464	 0.27645484	 104.87588	 0.016069969	 4.1634566	 593.89316	 Diamond
465	 0.2820119	 104.56891	 0.017054689	 4.1618353	 593.76131	 Diamond
466	 0.28768063	 104.24968	 0.018099571	 4.1601478	 593.62405	 Diamond
467	 0.29346328	 103.91771	 0.019208272	 4.1583914	 593.48114	 Diamond
468	 0.29936212	 103.5725	 0.020384668	 4.1565632	 593.33237	 Diamond
469	 0.30537947	 103.21354	 0.021632868	 4.1546604	 593.17748	 Diamond
470	 0.31151773	 102.84028	 0.022957227	 4.1526798	 593.01622	 Diamond
471	 0.31777929	 102.45217	 0.024362363	 4.1506183	 592.84832	 Diamond
472	 0.32416663	 102.04863	 0.025853169	 4.1484725	 592.6735	 Diamond
473	 0.33068227	 101.62907	 0.027434831	 4.1462389	 592.49149	 Diamond
474	 0.33732876	 101.19286	 0.029112844	 4.1439139	 592.30197	 Diamond
475	 0.34410871	 100.73936	 0.030893033	 4.1414939	 592.10464	 Diamond
476	 0.3510248	 100.26791	 0.032781568	 4.1389748	 591.89916	 Diamond
477	 0.35807972	 99.777814	 0.034784985	 4.1363525	 591.68519	 Diamond
478	 0.36527625	 99.268359	 0.036910209	 4.1336229	 591.46238	 Diamond
479	 0.37261719	 98.738806	 0.039164575	 4.1307814	 591.23036	 Diamond
480	 0.38010543	 98.188388	 0.041555851	 4.1278235	 590.98873	 Diamond
481	 0.38774389	 97.616313	 0.044092262	 4.1247443	 590.7371	 Diamond
482	 0.39553553	 97.021761	 0.04678252	 4.1215389	 590.47504	 Diamond
483	 0.40348339	 96.403883	 0.049635845	 4.118202	 590.20211	 Diamond
484	 0.41159056	 95.761803	 0.052661998	 4.1147281	 589.91784	 Diamond
485	 0.41986017	 95.094614	 0.055871309	 4.1111116	 589.62177	 Diamond
486	 0.42829543	 94.401379	 0.05927471	 4.1073466	 589.31338	 Diamond
487	 0.43689959	 93.681131	 0.062883767	 4.1034269	 588.99215	 Diamond
488	 0.44567596	 92.932872	 0.066710715	 4.099346	 588.65754	 Diamond
489	 0.45462791	 92.15557	 0.070768492	 4.0950974	 588.30897	 Diamond
490	 0.46375885	 91.348163	 0.07507078	 4.0906739	 587.94584	 Diamond
491	 0.47307227	 90.509554	 0.079632042	 4.0860684	 587.56754	 Diamond
492	 0.48257169	 89.638614	 0.084467564	 4.0812732	 587.17341	 Diamond
493	 0.49226072	 88.734181	 0.089593497	 4.0762805	 586.76277	 Diamond
494	 0.50214299	 87.795057	 0.095026901	 4.071082	 586.33491	 Diamond
495	 0.51222219	 86.820011	 0.10078579	 4.0656691	 585.88908	 Diamond
496	 0.52250209	 85.807779	 0.10688919	 4.0600329	 585.4245	 Diamond
497	 0.53298615	 84.757095	 0.11335696	 4.0541642	 584.94038	 Diamond
498	 0.54361265	 83.673371	 0.12016742	 4.0480911	 584.43899	 Diamond
499	 0.5543731	 82.556894	 0.12732951	 4.0418132	 583.92025	 Diamond
500	 0.56526685	 81.407178	 0.13485724	 4.0353256	 583.38371	 Diamond
501	 0.57629441	 80.223625	 0.1427658	 4.0286227	 582.82886	 Diamond
502	 0.58745647	 79.005619	 0.15107099	 4.0216985	 582.25516	 Diamond
503	 0.59875374	 77.752549	 0.15978908	 4.014547	 581.66204	 Diamond
504	 0.61018693	 76.463803	 0.16893686	 4.0071618	 581.04893	 Diamond
505	 0.62175676	 75.138775	 0.17853159	 3.9995366	 580.41523	 Diamond
506	 0.63346395	 73.776865	 0.18859108	 3.9916648	 579.76033	 Diamond
507	 0.64530923	 72.377478	 0.19913361	 3.9835395	 579.08359	 Diamond
508	 0.64626455	 72.263685	 0.2	 3.9828771	 579.02839	 Diamond
509	 0.65779336	 70.885828	 0.21064783	 3.9748368	 578.35507	 Diamond
510	 0.6712748	 69.242032	 0.22355187	 3.9651959	 577.55012	 Diamond
511	 0.68426616	 67.632583	 0.23645591	 3.9557042	 576.75657	 Diamond
512	 0.69875759	 65.808305	 0.25140117	 3.9448819	 575.85047	 Diamond
513	 0.71270885	 64.023587	 0.26634643	 3.9342276	 574.9571	 Diamond
514	 0.72616978	 62.275575	 0.28129169	 3.9237274	 574.07532	 Diamond
515	 0.74112732	 60.303747	 0.29851186	 3.9118038	 573.07242	 Diamond
516	 0.75554705	 58.373971	 0.31573202	 3.9000519	 572.08229	 Diamond
517	 0.76947732	 56.483307	 0.33295218	 3.8884571	 571.10377	 Diamond
518	 0.7848959	 54.360994	 0.35269009	 3.8753441	 569.99516	 Diamond
519	 0.79978043	 52.283243	 0.37242799	 3.8624039	 568.89911	 Diamond
520	 0.81417765	 50.247044	 0.3921659	 3.8496218	 567.81444	 Diamond
521	 0.83001837	 47.977297	 0.41462486	 3.8352532	 566.59273	 Diamond
522	 0.84533239	 45.75444	 0.43708381	 3.8210549	 565.383	 Diamond
523	 0.86016456	 43.575417	 0.45954277	 3.807012	 564.18404	 Diamond
524	 0.8771416	 41.050609	 0.48611094	 3.7905816	 562.7781	 Diamond
525	 0.89355504	 38.579386	 0.5126791	 3.7743297	 561.38408	 Diamond
526	 0.90945347	 36.158248	 0.53924726	 3.7582385	 560.00054	 Diamond
527	 0.9248792	 33.784093	 0.56581543	 3.7422921	 558.62619	 Diamond
528	 0.94229537	 31.075001	 0.59675331	 3.7238866	 557.03583	 Diamond
529	 0.95917191	 28.421989	 0.6276912	 3.7056381	 555.45467	 Diamond
530	 0.97555342	 25.82161	 0.65862909	 3.687528	 553.88121	 Diamond
531	 0.99147902	 23.270791	 0.68956698	 3.66954	 552.31407	 Diamond
532	 1.0092688	 20.395976	 0.72513399	 3.6489915	 550.51859	 Diamond
533	 1.0265477	 17.579281	 0.76070101	 3.6285631	 548.72798	 Diamond
534	 1.0433564	 14.817364	 0.79626803	 3.6082353	 546.94058	 Diamond
535	 1.0597307	 12.107226	 0.83183504	 3.58799	 545.15482	 Diamond
536	 1.0757024	 9.4461659	 0.86740206	 3.5678103	 543.36922	 Diamond
537	 1.0909162	 6.8962538	 0.90208395	 3.5481808	 541.62686	 Diamond
538	 1.1033157	 4.8077672	 0.93092903	 3.5318807	 540.17592	 Diamond
539	 1.1072363	 4.1455866	 0.94015749	 3.5266694	 539.71124	 Diamond
540	 1.1080178	 4.0134932	 0.94200319	 3.5256273	 539.61827	 Diamond
541	 1.108174	 3.9870881	 0.94237233	 3.5254189	 539.59968	 Diamond
552	 1.108213	 3.9804876	 0.94246461	 3.5253668	 539.59503	 Diamond
552	 1.108213	 3.9804876	 0.94246461	 2.4188485	 539.59503	 Graph_Lowitzer
562	 1.1083059	 3.9697141	 0.94261526	 2.4184875	 539.48737	 Graph_Lowitzer
563	 1.1087106	 3.9227944	 0.94327164	 2.4169106	 539.01857	 Graph_Lowitzer
564	 1.1146349	 3.2396996	 0.95288496	 2.3930896	 532.20413	 Graph_Lowitzer
565	 1.120028	 2.6242295	 0.96163949	 2.3700758	 526.0788	 Graph_Lowitzer
566	 1.1249123	 2.072375	 0.96956548	 2.3479645	 520.59487	 Graph_Lowitzer
567	 1.1293065	 1.5806849	 0.97668933	 2.3268773	 515.71248	 Graph_Lowitzer
568	 1.1332219	 1.1466144	 0.98302777	 2.3069842	 511.40267	 Graph_Lowitzer
569	 1.1366559	 0.76922349	 0.98857684	 2.288549	 507.65399	 Graph_Lowitzer
570	 1.1395758	 0.45091559	 0.9932853	 2.2720424	 504.48955	 Graph_Lowitzer
571	 1.1418748	 0.20202501	 0.99698512	 2.2584354	 502.01264	 Graph_Lowitzer
572	 1.1432994	 0.048601033	 0.99927385	 2.2497051	 500.48431	 Graph_Lowitzer
573	 1.1436613	 0.0097248786	 0.99985477	 2.2474483	 500.09684	 Graph_Lowitzer
574	 1.1437337	 0.0019528424	 0.99997095	 2.2469949	 500.01937	 Graph_Lowitzer
585	 1.1437518	 1e-05	 1	 2.2468814	 500	 Graph_Lowitzer

